33
94
89
73
21
17
75
73
57
91
95
94
36
82
91
88
78
48
21
26
59
41
84
61
78
24
38
19
96
33
15
86
97
99
44
39
24
24
71
95
63
12
37
65
53
56
92
65
69
16
42
77
88
41
29
43
47
37
65
76
95
29
88
46
89
41
31
16
47
33
32
17
94
48
48
81
42
93
91
78
84
92
72
95
11
92
64
34
42
82
89
64
83
61
49
54
86
11
12
76
28
48
24
58
66
79
16
97
34
21
29
12
33
61
46
48
32
58
37
58
24
19
95
23
83
88
13
98
83
31
11
38
33
68
37
62
18
64
83
39
47
47
96
56
71
32
43
77
96
53
51
94
37
73
34
71
88
38
61
44
54
65
54
81
83
52
55
54
87
44
13
53
47
93
43
37
55
65
59
12
19
37
19
86
31
77
81
36
91
83
18
69
97
49
12
34
21
81
87
67
26
22
48
59
44
76
23
79
87
76
88
18
78
67
75
98
41
71
61
17
11
67
25
61
52
23
99
85
28
48
12
73
67
43
86
22
66
95
31
95
36
36
88
99
93
74
72
88
21
85
78
46
78
79
75
76
36
28
62
39
82
81
79
34
42
35
14
27
81
91
26
49
44
77
86
44
78
99
71
18
68
25
57
61
53
29
44
95
43
35
21
95
66
44
45
73
97
45
83
42
57
35
45
51
53
74
98
43
58
45
79
22
73
83
11
87
54
15
55
78
66
32
76
72
27
21
44
88
71
68
82
34
55
24
25
17
94
19
62
79
26
98
54
27
88
42
91
46
39
23
64
69
33
24
84
75
14
82
78
37
92
32
47
12
46
17
33
65
11
51
64
65
15
51
37
63
39
13
17
98
88
98
32
88
16
79
14
69
46
24
33
84
41
28
82
13
79
34
19
55
82
41
67
36
93
21
93
67
75
59
48
95
85
55
23
88
61
86
91
33
79
77
15
72
65
67
77
23
27
97
24
25
27
61
31
44
99
65
19
88
23
71
51
66
78
59
38
42
54
77
32
23
11
86
51
94
37
17
11
55
41
22
24
16
22
51
11
19
49
74
81
18
17
27
62
11
38
86
91
77
77
63
55
36
16
12
34
55
91
64
94
99
75
41
75
83
17
29
69
24
71
79
65
82
58
63
33
86
89
23
58
94
87
77
88
64
83
61
19
45
23
64
85
55
14
89
61
84
44
26
42
68
48
39
27
87
42
15
29
37
65
61
23
77
93
65
51
36
92
72
62
95
39
51
52
99
74
58
23
65
28
57
33
78
95
22
65
48
47
73
65
91
78
85
55
73
18
51
61
77
83
88
17
93
26
96
24
32
86
69
74
83
92
81
26
89
29
72
17
12
44
59
62
54
61
73
59
48
94
53
15
33
48
95
28
79
55
76
14
93
54
77
97
11
69
75
37
97
63
77
15
96
11
31
74
14
61
31
42
71
67
79
74
93
77
89
66
76
81
54
51
88
92
38
25
76
55
35
25
84
78
42
22
25
44
13
35
32
17
11
24
18
79
73
36
23
12
43
16
73
72
26
86
28
56
65
83
12
46
48
95
36
33
66
23
98
49
86
19
89
28
11
41
12
87
23
45
55
51
77
77
61
62
28
46
41
77
29
33
78
88
74
93
35
77
43
58
51
69
72
52
43
85
42
21
41
56
44
86
25
31
45
23
75
95
49
32
25
97
69
96
21
68
93
15
83
93
88
26
81
69
56
39
33
84
65
82
24
74
32
41
78
59
83
27
82
28
45
82
29
73
63
99
22
16
58
93
32
62
36
87
34
67
16
38
99
33
26
89
65
96
58
44
94
41
22
27
32
75
48
36
87
97
51
56
34
44
87
65
37
59
35
57
28
13
17
19
14
65
39
34
96
27
16
55
66
67
76
69
85
49
29
11
99
88
71
16
45
27
91
26
63
89
22
63
66
62
27
93
76
65
21
53
24
16
83
39
95
67
35
41
67
95
48
59
29
89
23
23
93
91
27
72
96
64
11
37
99
74
36
98
36
59
61
12
68
77
16
51
32
28
22
55
13
79
32
44
82
93
24
51
79
48
56
47
52
11
62
68
32
77
55
99
24
97
54
77
28
33
33
17
81
58
12
77
84
12
19
71
26
45
34
42
18
13
24
48
87
14
78
14
51
43
57
42
89
65
33
39
76
23
77
77
78
18
92
91
57
14
21
56
51
41
58
91
82
13
33
21
46
96
13
88
28
33
77
16
24
65
33
77
54
43
14
65
61
83
81
22
62
